5 7
-1 -1  0  0  0  0  0
 1  0  1 -1  0  0  0
 0  1 -1  0 -1 -1  0 
 0  0  0  0  0  1 -1
 0  0  0  1  1  0  1 
6 7 
-1  0  0 -1  0  0  0
 1 -1  0  0  0 -1  0
 0  1 -1  0  0  0  0
 0  0  0  1 -1  0  0
 0  0  0  0  1  1 -1
 0  0  1  0  0  0  1
5 5 
-1  0  0 -1  0
 1 -1  0  0  0
 0  1 -1  0  0
 0  0  0  1 -1
 0  0  1  0  1
6 7 
-1  0 -1  0 -1  0  0
 1 -1  0  0  0  0  0
 0  0  1 -1  0  0  0
 0  0  0  0  1 -1  0
 0  1  0  1  0  1 -1
 0  0  0  0  0  0  1
6 8 
 1  0  0  0  0  0  0  0  
-1 -1  0  0  0 -1 -1 -1
 0  1 -1  0  0  0  0  0
 0  0  1 -1  0  1  0  0
 0  0  0  1 -1  0  1  0
 0  0  0  0  1  0  0  1